ros-melodic-prbt-moveit-config=0.5.6-1bionic.20190628.142230
ros-melodic-pilz-robot-programming=0.4.4-1bionic.20190628.145242
